kroD100_1.dat: 39473.86
pr107_2.5.dat: 141087.52
pr76_2.5.dat: 312842.98
berlin52_3.dat: 25192.56
berlin52_2.dat: 18953.13
eil51_3.dat: 1418.52
eil76_2.5.dat: 1522.81
rat99_2.dat: 3059.37
pr76_2.5.dat: 313883.44
berlin52_3.dat: 24998.350000000002
berlin52_2.dat: 19179.12
eil51_3.dat: 1422.5700000000002
eil76_2.5.dat: 1493.57
rat99_2.dat: 3118.56
pr76_3.dat: 357716.60000000003
berlin52_2.5.dat: 22485.04
pr76_2.dat: 272533.11
eil76_2.dat: 1297.28
st70_2.5.dat: 1977.52
st70_3.dat: 2214.6
rat99_2.5.dat: 3607.11
eil51_2.5.dat: 1236.15
eil51_2.dat: 1046.44
eil76_3.dat: 1712.6
st70_2.dat: 1669.57
rat99_3.dat: 4170.27
kroD100_3.dat: 73519.99
kroA100_2.dat: 55440.71
kroD100_2.5.dat: 64019.41
rd100_2.5.dat: 24153.66
pr107_3.dat: 160668.86
kroB100_2.dat: 55687.93
lin105_2.5.dat: 45146.56
kroE100_2.5.dat: 67363.28
pr124_3.dat: 217235.68
